
SOLVED
# C [[0, 0, 2], [2, 2, 0], [0, 0, 0], [2, 2, 2], [1, 2, 1], [0, 0, 1], [2, 0, 0], [0, 0, 2], [2, 0, 2], [0, 0, 2]]
# B [[0, 0, 2], [2, 2, 0], [0, 0, 0], [2, 2, 2], [1, 2, 1], [0, 0, 1], [2, 2, 2], [0, 2, 0], [2, 2, 0], [0, 2, 0]]
# B [[0, 0, 2], [2, 2, 0], [0, 0, 0], [2, 2, 2], [1, 2, 1], [0, 0, 1], [2, 0, 0], [0, 0, 2], [2, 0, 2], [0, 0, 2]]
L F' L' F U2 L2 y' L F L' F
[[4, 1, 0], [1, 0], [5, 1, 0], [4, 1], [1], [5, 1], [4, 1, 2], [1, 2], [5, 1, 2], [4, 0], [0], [5, 0], [4], [], [5], [4, 2], [2], [5, 2], [4, 2, 3], [2, 3], [0, 5, 3], [3, 5], [3], [4, 3], [5, 2, 3], [3, 0], [0, 4, 3]]

----------
SOLVED
R' U' R y' x' R U' R' F R U R'
# E [[0, 2, 2], [1, 2, 2], [0, 2, 0], [1, 0, 2], [2, 2, 0], [1, 0, 0], [0, 0, 2], [1, 0, 2], [2, 2, 2], [1, 0, 0]]
setBlock [[4, 1, 0], [1, 0], [5, 1, 0], [4, 1], [1], [5, 1], [4, 1, 2], [1, 2], [5, 1, 2], [4, 0], [0], [5, 0], [4], [], [5], [4, 2], [2], [5, 2], [3, 5, 0], [3, 4], [5, 2, 3], [5, 3], [3], [3, 0], [2, 4, 3], [2, 3], [4, 3, 0]]

----------

L U' y' R' U2' R' U R U' R U2 R d' L'
[[0, 0, 2], [1, 2, 2], [2, 2, 0], [1, 2, 1], [2, 2, 0], [1, 2, 0], [2, 2, 2], [1, 2, 2], [2, 2, 2], [1, 2, 1], [2, 2, 2], [1, 0, 0], [1, 1, 1], [2, 0, 2]]
-------------
SOLVED
R' d' L d R U' R' F' R
[[0, 2, 2], [1, 0, 0], [1, 1, 1], [0, 0, 2], [1, 0, 2], [1, 1, 2], [0, 2, 0], [1, 2, 2], [0, 2, 2], [2, 2, 0], [0, 2, 0]]
[[0, 2, 2], [1, 0, 0], [1, 1, 0], [0, 0, 2], [1, 0, 2], [1, 1, 2], [0, 2, 0], [1, 2, 2], [0, 2, 2], [2, 2, 0], [0, 2, 0]]
[[4, 1, 0], [1, 0], [5, 1, 0], [4, 1], [1], [5, 1], [4, 1, 2], [1, 2], [5, 1, 2], [4, 0], [0], [5, 0], [4], [], [5], [4, 2], [2], [5, 2], [5, 0, 3], [3, 2], [4, 3, 2], [3, 5], [3], [4, 3], [4, 0, 3], [0, 3], [5, 3, 2]]


-----------
SOLVED

mapped* x -> x'
mapped* x' -> x

R' F R' F' R2 U2 x' U' R U R'
# B [[0, 2, 2], [2, 2, 2], [0, 2, 2], [2, 2, 0], [0, 2, 1], [1, 2, 1], [2, 2, 0], [0, 2, 0], [2, 2, 2], [0, 2, 2]]
# B                                                                    wrong V&M ^             wrong V&M ^
# C [[0, 2, 2], [2, 2, 2], [0, 2, 2], [2, 2, 0], [0, 2, 1], [1, 2, 1], [2, 0, 2], [0, 2, 0], [2, 0, 0], [0, 2, 2]]
[[4, 1, 0], [1, 0], [5, 1, 0], [4, 1], [1], [5, 1], [4, 1, 2], [1, 2], [5, 1, 2], [4, 0], [0], [5, 0], [4], [], [5], [4, 2], [2], [5, 2], [3, 2, 5], [3, 2], [2, 4, 3], [3, 4], [3], [0, 3], [3, 0, 5], [5, 3], [0, 4, 3]]

------
SOLVED

IF 2 back to back rotations, then swap order

R' U' R y' x' R U' R' F R U R'
# B [[0, 2, 2], [1, 2, 2], [0, 2, 0], [1, 2, 0], [2, 0, 2], [1, 2, 2], [0, 0, 2], [1, 2, 0], [2, 0, 0], [1, 2, 2]]
# TEST RAW SEQ R' U' R x' y' R U' R' F R U R'
# C [[0, 2, 2], [1, 2, 2], [0, 2, 0], [2, 2, 2], [0, 2, 2], [2, 2, 0], [1, 2, 0], [2, 2, 2], [0, 2, 0], [2, 2, 0]]
setBlock [[4, 1, 0], [1, 0], [5, 1, 0], [4, 1], [1], [5, 1], [4, 1, 2], [1, 2], [5, 1, 2], [4, 0], [0], [5, 0], [4], [], [5], [4, 2], [2], [5, 2], [3, 5, 0], [3, 4], [5, 2, 3], [5, 3], [3], [3, 0], [2, 4, 3], [2, 3], [4, 3, 0]]

-------
SOLVED

changed M in in mainArray from [0, 1, 0] to [0, 1, 2]

U2 l' L2 U L' U L U2 L' U M
# B [[1, 2, 1], [0, 0, 0], [0, 1, 0], [0, 0, 1], [1, 2, 0], [0, 0, 0], [1, 2, 0], [0, 0, 2], [1, 2, 1], [0, 0, 0], [1, 2, 0], [0, 1, 0]]
# B                                                                                                                            wrong M ^
# C [[1, 2, 1], [0, 0, 0], [0, 1, 0], [0, 0, 1], [1, 2, 0], [0, 0, 0], [1, 2, 0], [0, 0, 2], [1, 2, 1], [0, 0, 0], [1, 2, 0], [0, 1, 2]]
[[4, 1, 0], [1, 0], [5, 1, 0], [4, 1], [1], [5, 1], [4, 1, 2], [1, 2], [5, 1, 2], [4, 0], [0], [5, 0], [4], [], [5], [4, 2], [2], [5, 2], [4, 2, 3], [5, 3], [3, 4, 0], [3, 4], [3], [0, 3], [2, 3, 5], [3, 2], [5, 0, 3]]

---------
SOLVED*

added temp rule that maps this raw pattern to its correct SEQ
(R U R' U') x D' R' U R E'
# B [[0, 2, 0], [1, 2, 0], [0, 2, 2], [1, 2, 2], [2, 0, 2], [0, 2, 2], [2, 2, 2], [0, 2, 0], [2, 1, 2]]
# B                                                                                            ^^^ technically this is an illegal move
# B this will be addressed eventually, but for now it should be replaced with the seq [[2, 0, 0], [2, 2, 0]]
# C [[0, 2, 0], [1, 2, 0], [0, 2, 2], [1, 2, 2], [2, 0, 2], [0, 2, 2], [2, 2, 2], [0, 2, 0], [2, 0, 0], [2, 2, 0]]
[[4, 1, 0], [1, 0], [5, 1, 0], [4, 1], [1], [5, 1], [4, 1, 2], [1, 2], [5, 1, 2], [4, 0], [0], [5, 0], [4], [], [5], [4, 2], [2], [5, 2], [3, 2, 5], [5, 3], [3, 0, 5], [4, 3], [3], [2, 3], [0, 3, 4], [0, 3], [2, 3, 4]]

--------
SOLVED

corrected for illegal moves

all 2' should have mag=1
another illegal move
R U B' l U l2' x' U' R' F R F'
R U B' l U R2 x2 x' U' R' F R F'
or
R U B' l U R2 x U' R' F R F'
R U B' R x' U R2 x U' R' F R F'
# C [[0, 2, 0], [1, 2, 0], [2, 0, 2], [0, 2, 0], [2, 0, 0], [0, 2, 1], [1, 2, 2], [0, 2, 2], [2, 2, 2], [0, 2, 0], [2, 2, 0]]
# B [[0, 2, 0], [1, 2, 0], [2, 0, 2], [0, 0, 2], [0, 1, 2], [1, 2, 0], [0, 0, 1], [0, 1, 1], [2, 0, 2], [0, 2, 2], [1, 2, 0], [0, 2, 0], [1, 2, 2]]
# B                                         ^^         ^^                     ^^         ^^
# [[0, 2, 0], [1, 2, 0], [2, 0, 2], [0, 0, 2], [0, 1, 2], [1, 2, 0], [0, 0, 1], [0, 1, 1], [2, 0, 2], [0, 2, 2], [1, 2, 0], [0, 2, 0], [1, 2, 2]]
# [[0, 2, 0], [1, 2, 0], [2, 0, 2], [0, 0, 2], [0, 1, 2], [1, 2, 0], [0, 2, 1], [2, 2, 0], [0, 2, 2], [1, 0, 2], [0, 2, 0], [1, 0, 0]]
[[4, 1, 0], [1, 0], [5, 1, 0], [4, 1], [1], [5, 1], [4, 1, 2], [1, 2], [5, 1, 2], [4, 0], [0], [5, 0], [4], [], [5], [4, 2], [2], [5, 2], [3, 2, 5], [4, 3], [3, 0, 5], [3, 0], [3], [3, 5], [3, 2, 4], [2, 3], [3, 0, 4]]

-----------
SOLVED

corrects for discontinues "back to back moves"

R' U2 x R' U R U' y R' U' R' U R' F

# first-half
R' U2 x R' U R U'
[[0, 2, 2], [1, 2, 1], [0, 2, 2], [2, 2, 2], [0, 2, 0], [2, 2, 0]]

y x R' U' R' U R' F
[[2, 2, 0], [0, 0, 0], [2, 2, 0], [0, 0, 2], [2, 2, 0], [1, 0, 2]]

# last-half
x y R' U' R' U R' F
[[1, 2, 2], [2, 2, 0], [1, 2, 2], [2, 2, 2], [1, 2, 2], [0, 2, 0]]

z R' U' R' U R' F
[[1, 0, 0], [0, 2, 0], [1, 0, 0], [0, 2, 2], [1, 0, 0], [2, 2, 2]]

z' R' U' R' U R' F
[[1, 2, 0], [0, 0, 0], [1, 2, 0], [0, 0, 2], [1, 2, 0], [2, 2, 2]]


# C [[0, 2, 2], [1, 2, 1], [0, 2, 2], [2, 2, 2], [0, 2, 0], [2, 2, 0]] + [[1, 2, 2], [2, 2, 0], [1, 2, 2], [2, 2, 2], [1, 2, 2], [0, 2, 0]]
# C [[0, 2, 2], [1, 2, 1], [0, 2, 2], [2, 2, 2], [0, 2, 0], [2, 2, 0], [1, 2, 2], [2, 2, 0], [1, 2, 2], [2, 2, 2], [1, 2, 2], [0, 2, 0]]

# B [[0, 2, 2], [1, 2, 1], [0, 2, 2], [2, 2, 2], [0, 2, 0], [2, 2, 0], [2, 0, 2], [0, 2, 2], [2, 0, 2], [0, 2, 0], [2, 0, 2], [1, 0, 2]]
# T [[0, 2, 2], [1, 2, 1], [0, 2, 2], [2, 2, 2], [0, 2, 0], [2, 2, 0], [0, 2, 2], [2, 2, 0], [0, 2, 2], [2, 2, 2], [0, 2, 2], [1, 0, 2]]
R' U2 x R' U R U' R' U' R' U R' F


[[4, 1, 0], [1, 0], [5, 1, 0], [4, 1], [1], [5, 1], [4, 1, 2], [1, 2], [5, 1, 2], [4, 0], [0], [5, 0], [4], [], [5], [4, 2], [2], [5, 2], [3, 0, 4], [2, 3], [5, 3, 0], [3, 4], [3], [3, 5], [5, 2, 3], [0, 3], [3, 4, 2]]

------------
SOLVED

inverted mag on M rot

M' U' M U2' M' U' M
[[0, 0, 2], [0, 2, 2], [2, 0, 2], [0, 0, 0], [0, 2, 0], [1, 2, 1], [0, 0, 2], [0, 2, 2], [2, 0, 2], [0, 0, 0], [0, 2, 0]]
[[0, 0, 2], [0, 2, 2], [2, 2, 0], [0, 0, 0], [0, 2, 0], [1, 2, 1], [0, 0, 2], [0, 2, 2], [2, 2, 0], [0, 0, 0], [0, 2, 0]]
[[4, 1, 0], [1, 0], [5, 1, 0], [4, 1], [1], [5, 1], [4, 1, 2], [1, 2], [5, 1, 2], [4, 0], [0], [5, 0], [4], [], [5], [4, 2], [2], [5, 2], [0, 3, 5], [0, 3], [4, 3, 2], [2, 3], [3], [3, 5], [2, 3, 5], [3, 4], [4, 3, 0]]

---------
SOLVED

fixed y2' being considered a normal move

L U L' U L U' L' U' y2' R' F R F'
[[0, 0, 2], [1, 2, 0], [0, 0, 0], [1, 2, 0], [0, 0, 2], [1, 2, 2], [0, 0, 0], [1, 2, 2], [1, 0, 1], $ [0, 0, 0], [2, 0, 0], [0, 0, 2], [2, 0, 2]]
[[0, 0, 2], [1, 2, 0], [0, 0, 0], [1, 2, 0], [0, 0, 2], [1, 2, 2], [0, 0, 0], [1, 2, 2], [1, 2, 1], [0, 2, 2], [2, 2, 2], [0, 2, 0], [2, 2, 0]]

[[0, 0, 2], [1, 2, 0], [0, 0, 0], [1, 2, 0], [0, 0, 2], [1, 2, 2], [0, 0, 0], [1, 2, 2], [2, 0, 2], [0, 2, 0], [2, 0, 0], [0, 2, 2]]


[[4, 1, 0], [1, 0], [5, 1, 0], [4, 1], [1], [5, 1], [4, 1, 2], [1, 2], [5, 1, 2], [4, 0], [0], [5, 0], [4], [], [5], [4, 2], [2], [5, 2], [3, 4, 2], [0, 3], [2, 3, 5], [3, 5], [3], [2, 3], [0, 3, 4], [3, 4], [5, 0, 3]]

--------
SOLVED

double rotations should be treated normally

[[4, 1, 0], [1, 0], [5, 1, 0], [4, 1], [1], [5, 1], [4, 1, 2], [1, 2], [5, 1, 2], [4, 0], [0], [5, 0], [4], [], [5], [4, 2], [2], [5, 2], [3, 0, 4], [3, 5], [2, 4, 3], [0, 3], [3], [3, 4], [5, 2, 3], [2, 3], [0, 3, 5]]

-----------
SOLVED

pattern already solved

[[4, 1, 0], [1, 0], [5, 1, 0], [4, 1], [1], [5, 1], [4, 1, 2], [1, 2], [5, 1, 2], [4, 0], [0], [5, 0], [4], [], [5], [4, 2], [2], [5, 2], [2, 3, 4], [3, 5], [5, 3, 0], [4, 3], [3], [2, 3], [2, 3, 5], [3, 0], [4, 3, 0]]

