----------

use variable rotations, rather than reference frames
all seqs are ref-8 now

M2 U M2 U M' U2 M2 U2 M' U2
[[4, 1, 0], [1, 0], [5, 1, 0], [4, 1], [1], [5, 1], [4, 1, 2], [1, 2], [5, 1, 2], [4, 0], [0], [5, 0], [4], [], [5], [4, 2], [2], [5, 2], [4, 3, 0], [3, 5], [5, 3, 0], [2, 3], [3], [0, 3], [4, 3, 2], [3, 4], [5, 3, 2]]
[[0, 0, 1], [0, 2, 1], [1, 0, 2], [0, 0, 1], [0, 2, 1], [1, 2, 0], [0, 0, 2], [0, 2, 2], [2, 2, 1], [0, 0, 1], [0, 2, 1], [2, 0, 1], [0, 0, 2], [0, 2, 2], [1, 2, 1]]

y M2 U M2 U M' U2 M2 U2 M' U2
[[2, 2, 1], [2, 0, 1], [1, 0, 2], [2, 0, 1], [2, 2, 1], [1, 2, 0], [2, 2, 2], [2, 0, 2], [2, 2, 1], [1, 0, 1], [1, 2, 1], [2, 0, 1], [1, 2, 0], [1, 0, 0], [1, 2, 1]]
y' M2 U M2 U M' U2 M2 U2 M' U2
[[2, 0, 1], [2, 2, 1], [1, 0, 2], [2, 2, 1], [2, 0, 1], [1, 2, 0], [2, 0, 0], [2, 2, 0], [2, 2, 1], [1, 2, 1], [1, 0, 1], [2, 0, 1], [1, 0, 2], [1, 2, 2], [1, 2, 1]]
y2 M2 U M2 U M' U2 M2 U2 M' U2
[[0, 2, 1], [0, 0, 1], [1, 0, 2], [0, 2, 1], [0, 0, 1], [1, 2, 0], [0, 2, 0], [0, 0, 0], [2, 2, 1], [0, 2, 1], [0, 0, 1], [2, 0, 1], [0, 2, 0], [0, 0, 0], [1, 2, 1]]


-------------

same as before

[R U R' F'] {[R U R' U'] [R' F] [R2 U' R'] U'}
[[4, 1, 0], [1, 0], [5, 1, 0], [4, 1], [1], [5, 1], [4, 1, 2], [1, 2], [5, 1, 2], [4, 0], [0], [5, 0], [4], [], [5], [4, 2], [2], [5, 2], [0, 3, 5], [3, 5], [0, 3, 4], [4, 3], [3], [0, 3], [4, 3, 2], [3, 2], [5, 3, 2]]
# 6 [[2, 0, 0], [1, 0, 0], [2, 0, 2], [0, 0, 0], [2, 0, 0], [1, 0, 0], [2, 0, 2], [1, 0, 2], [2, 0, 2], [0, 0, 2], [2, 0, 1], [1, 0, 2], [2, 0, 2], [1, 0, 2]]
# 2 [[2, 2, 2], [1, 2, 2], [2, 2, 0], [0, 2, 2], [2, 2, 2], [1, 2, 2], [2, 2, 0], [1, 2, 0], [2, 2, 0], [0, 2, 0], [2, 2, 1], [1, 2, 0], [2, 2, 0], [1, 2, 0]]
# 0 [[0, 0, 2], [1, 0, 2], [0, 0, 0], [2, 0, 2], [0, 0, 2], [1, 0, 2], [0, 0, 0], [1, 0, 0], [0, 0, 0], [2, 0, 0], [0, 0, 1], [1, 0, 0], [0, 0, 0], [1, 0, 0]]

[y' R U R' F'] {[R U R' U'] [R' F] [R2 U' R'] U'}
[[2, 2, 2], [1, 2, 0], [2, 2, 0], [0, 0, 0], [2, 2, 2], [1, 2, 0], [2, 2, 0], [1, 2, 2], [2, 2, 0], [0, 0, 2], [2, 2, 1], [1, 2, 2], [2, 2, 0], [1, 2, 2]]
[y R U R' F'] {[R U R' U'] [R' F] [R2 U' R'] U'}
[[2, 0, 0], [1, 2, 0], [2, 0, 2], [0, 2, 2], [2, 0, 0], [1, 2, 0], [2, 0, 2], [1, 2, 2], [2, 0, 2], [0, 2, 0], [2, 0, 1], [1, 2, 2], [2, 0, 2], [1, 2, 2]]
# this worked  ^^

---------

attempt to solve with all baseBlocks

[[4, 1, 0], [1, 0], [5, 1, 0], [4, 1], [1], [5, 1], [4, 1, 2], [1, 2], [5, 1, 2], [4, 0], [0], [5, 0], [4], [], [5], [4, 2], [2], [5, 2], [0, 3, 5], [3, 0], [4, 3, 2], [4, 3], [3], [2, 3], [2, 3, 5], [3, 5], [4, 3, 0]]

---------

already solved

[[4, 1, 0], [1, 0], [5, 1, 0], [4, 1], [1], [5, 1], [4, 1, 2], [1, 2], [5, 1, 2], [4, 0], [0], [5, 0], [4], [], [5], [4, 2], [2], [5, 2], [4, 3, 0], [3, 0], [5, 3, 0], [4, 3], [3], [5, 3], [4, 3, 2], [3, 2], [5, 3, 2]]

--------

this seq does not work, an alternative has been added to rawMoves

new pat
x' [R U' R' D] [R U R' D'] [R U R' D] [R U' R' D']

X' (R U' R') D (R U R') u2 (R' U R) D (R' U' R)
x' (R U' R') D (R U R') u2 (R' U R) D (R' U' R)
[[0, 2, 0], [2, 0, 2], [0, 2, 2], [2, 2, 2], [0, 2, 0], [2, 0, 0], [0, 2, 2], [2, 2, 1], [0, 0, 0], [2, 2, 2], [0, 0, 2], [2, 0, 0], [0, 0, 0], [2, 2, 0], [0, 0, 2]]

x' (R U' R') D (R U R')
[[0, 2, 0], [2, 0, 2], [0, 2, 2], [2, 2, 2], [0, 2, 0], [2, 0, 0], [0, 2, 2]]
x' u2 (R' U R) D (R' U' R)
[[2, 2, 1], [0, 0, 0], [2, 2, 2], [0, 0, 2], [2, 0, 0], [0, 0, 0], [2, 2, 0], [0, 0, 2]]
u2 x' (R' U R) D (R' U' R)
[[1, 0, 1], [0, 0, 0], [2, 0, 0], [0, 0, 2], [2, 2, 2], [0, 0, 0], [2, 0, 2], [0, 0, 2]]
u2 (R' U R) D (R' U' R)
[[1, 0, 1], [0, 0, 0], [1, 2, 0], [0, 0, 2], [1, 0, 2], [0, 0, 0], [1, 2, 2], [0, 0, 2]]

1 0 1
(y2 x' (R' U R) D (R' U' R)
[[0, 0, 0], [2, 2, 2], [0, 0, 2], [2, 0, 0], [0, 0, 0], [2, 2, 0], [0, 0, 2]]
(x' (y2 (R' U R) D (R' U' R)
[[0, 0, 0], [2, 0, 0], [0, 0, 2], [2, 2, 2], [0, 0, 0], [2, 0, 2], [0, 0, 2]]

x' [R U' R' D] [R U R' D'] [R U R' D] [R U' R' D']
[[0, 2, 0], [2, 0, 2], [0, 2, 2], [2, 2, 2], [0, 2, 0], [2, 0, 0], [0, 2, 2], [2, 2, 0], [0, 2, 0], [2, 0, 0], [0, 2, 2], [2, 2, 2], [0, 2, 0], [2, 0, 2], [0, 2, 2], [2, 2, 0]]


[[4, 1, 0], [1, 0], [5, 1, 0], [4, 1], [1], [5, 1], [4, 1, 2], [1, 2], [5, 1, 2], [4, 0], [0], [5, 0], [4], [], [5], [4, 2], [2], [5, 2], [4, 3, 0], [3, 4], [4, 3, 2], [2, 3], [3], [0, 3], [5, 3, 0], [3, 5], [5, 3, 2]]

[[4, 1, 0], [1, 0], [5, 1, 0], [4, 1], [1], [5, 1], [4, 1, 2], [1, 2], [5, 1, 2], [4, 0], [0], [5, 0], [4], [], [5], [4, 2], [2], [5, 2], [2, 3, 4], [3, 0], [2, 3, 5], [4, 3], [3], [5, 3], [0, 3, 4], [3, 2], [0, 3, 5]]

----------

pre-solved pats

[[4, 1, 0], [1, 0], [5, 1, 0], [4, 1], [1], [5, 1], [4, 1, 2], [1, 2], [5, 1, 2], [4, 0], [0], [5, 0], [4], [], [5], [4, 2], [2], [5, 2], [0, 3, 5], [3, 5], [2, 3, 5], [0, 3], [3], [2, 3], [0, 3, 4], [3, 4], [2, 3, 4]]
[[4, 1, 0], [1, 0], [5, 1, 0], [4, 1], [1], [5, 1], [4, 1, 2], [1, 2], [5, 1, 2], [4, 0], [0], [5, 0], [4], [], [5], [4, 2], [2], [5, 2], [2, 3, 4], [3, 4], [0, 3, 4], [2, 3], [3], [0, 3], [2, 3, 5], [3, 5], [0, 3, 5]]

